

random square matrix A:
      3.41       6.27       2.45       2.29 
      2.61      0.714       6.26       3.07 
      2.01       5.09       2.42      0.379 
      6.51        1.9       3.34       4.41 

QRGS decomposition: inverse matrix of A

    -0.459     -0.173      0.471      0.319 
     0.217    -0.0216    -0.0328    -0.0952 
     -0.19      0.167      0.224    -0.0365 
     0.728      0.138     -0.852     -0.175 

checking A*B equals the identity matrix:

         1   8.33e-16  -4.44e-16   7.77e-16 
  4.44e-16          1  -4.44e-16   1.11e-16 
    -5e-16  -5.41e-16          1  -1.26e-15 
  4.44e-16   1.11e-16  -1.33e-15          1 
test passed
